start=1776.276000
volume=10.000000
aid=2
sid=2
sub-delay=0.100000
