start=1685.216667
volume=130.000000
