start=2238.983333
volume=60.000000
fullscreen=yes
