start=777.450000
volume=40.000000
fullscreen=yes
