start=438.333333
volume=120.000000
fullscreen=yes
