start=660.950000
volume=90.000000
fullscreen=yes
