start=281.541950
volume=70.000000
