start=837.300000
volume=40.000000
