start=3398.683333
volume=120.000000
fullscreen=yes
