start=2519.900000
speed=1.562500
volume=90.000000
fullscreen=yes
