start=512.789292
volume=70.000000
