start=2.133333
volume=50.000000
fullscreen=yes
