start=0.046000
volume=70.000000
