start=410.916667
volume=70.000000
