start=0.000000
volume=72.000000
gamma=-1.000000
brightness=-2.000000
contrast=1.000000
saturation=1.000000
panscan=0.100000
sid=no
sub-delay=-0.200000
sub-pos=96.000000
