start=81.016667
speed=1.562500
pause=yes
volume=110.000000
fullscreen=yes
