start=1620.400000
speed=1.000000
volume=80.000000
fullscreen=yes
