start=2494.521000
volume=130.000000
