start=0.000000
speed=1.562500
