start=1209.125000
volume=61.000000
sid=no
