start=22.768722
volume=70.000000
