start=11177.560000
volume=80.000000
