start=15.766667
speed=1.250000
volume=76.000000
