start=2728.256000
volume=60.000000
sid=1
sub-delay=0.000000
