start=201.914533
volume=70.000000
