start=-0.816667
pause=yes
volume=80.000000
