start=120.300000
volume=60.000000
fullscreen=yes
