start=6.047700
volume=120.000000
