start=192.838789
volume=130.000000
