start=1327.461587
volume=95.000000
