start=170.224333
speed=1.250000
pause=yes
volume=60.000000
fullscreen=yes
