start=315.600000
speed=1.562500
volume=50.000000
fullscreen=yes
