start=742.842563
pause=yes
volume=70.000000
