start=4973.343375
volume=60.000000
sid=1
sub-delay=0.200000
