start=559.583333
speed=1.250000
volume=90.000000
fullscreen=yes
