start=928.766667
speed=0.800000
fullscreen=yes
sub-delay=0.100000
