start=2356.053833
speed=1.250000
pause=yes
volume=80.000000
fullscreen=yes
