start=819.166667
volume=50.000000
