start=1849.800000
volume=60.000000
