start=159.316667
volume=90.000000
