start=73.285911
volume=70.000000
