start=1981.100000
volume=60.000000
