start=1.935233
volume=80.000000
sid=no
