start=341.383000
volume=95.000000
sid=1
sub-delay=-0.000000
