start=431.251000
volume=90.000000
