start=0.000000
speed=1.562500
pause=yes
volume=50.000000
