start=110.434104
volume=77.019989
sid=no
