start=4828.783333
volume=40.000000
fullscreen=yes
