start=1736.421600
volume=118.459999
