start=22.105417
fullscreen=yes
sub-delay=0.000000
