start=6.352311
volume=60.000000
