start=572.404938
volume=80.000000
