start=85.802650
speed=1.562500
volume=70.000000
