start=546.687500
volume=50.000000
fullscreen=yes
