start=1326.881088
volume=80.000000
