start=559.084396
pause=yes
volume=70.000000
