start=9049.082000
volume=70.000000
