start=1211.043167
volume=130.000000
