start=3212.370810
speed=1.562500
volume=75.000000
