start=234.067167
volume=60.000000
