start=1327.625000
volume=90.000000
