start=638.011880
volume=102.000000
sid=1
