start=330.955368
volume=72.000000
sid=1
