start=9019.996000
volume=90.000000
