start=981.066667
volume=70.000000
