start=2001.183333
volume=130.000000
