start=1318.233578
volume=65.000000
sid=no
sub-pos=99.000000
sub-visibility=no
