start=157.166667
volume=70.000000
