start=180.812667
volume=80.000000
