start=290.866667
volume=90.000000
