start=1326.491833
volume=95.000000
